0.996026
2.415853
2.501940
7.553733
6.887119
5.710294
8.016669
3.131534
2.126268
3.176204
1.453738
8.070688
2.396042
1.804078
1.859333
2.634051
8.383834
1.924993
6.861700
1.982050
2.965745
0.536420
2.234322
2.678148
2.430361
2.008295
2.101746
2.967802
1.332740
8.748183
7.632079
2.958414
2.142180
2.133515
2.285956
2.577921
1.765765
7.375625
5.149835
2.723938
2.833747
2.774165
2.655359
3.545289
2.858004
5.825283
2.804304
2.218064
2.730023
9.400552
3.052046
3.794199
2.359867
1.002405
1.634498
6.581527
7.851589
6.383653
6.516583
2.776759
1.255231
2.556412
3.160391
1.148636
7.540716
3.611131
2.678777
2.694782
7.302299
7.354662
3.456911
6.310934
2.173612
6.135852
7.239949
5.774386
7.510701
2.557985
2.163345
8.428730
9.107033
2.270120
3.222472
3.081841
2.266479
3.178789
6.659832
3.148549
1.701221
1.929151
9.521179
2.937641
2.824246
2.949486
2.714943
2.883109
2.748103
1.961300
2.111760
1.876825
2.125384
7.145856
2.647539
2.026915
6.108452
2.208616
1.773623
1.929818
2.263231
2.496585
2.401114
2.215014
1.984570
2.424376
3.133758
9.351020
7.346032
2.827401
2.662568
2.602882
2.055840
2.624429
2.372683
1.466508
3.073883
3.032712
0.972698
0.842678
1.985295
1.772605
1.461131
0.947868
1.744390
2.621199
2.220783
1.560426
2.217329
3.143436
7.671082
7.368094
0.678083
3.300341
6.308337
1.802025
4.045922
7.487684
8.873066
1.883348
0.692532
6.060653
6.037131
6.596367
3.061310
2.448217
2.154110
2.723229
2.053061
2.119796
2.419342
1.467032
1.649626
1.259859
8.342632
0.877388
1.200405
8.579341
3.182682
3.108704
8.698348
0.966058
2.786035
6.797987
2.766292
1.716096
2.792907
6.779351
1.704938
2.253802
7.331022
3.101078
6.064894
2.074836
3.432943
7.376458
3.019946
2.708949
2.752604
2.545807
2.537744
2.853377
2.827252
1.669502
3.006168
1.065101
2.149707
1.998117
2.228043
2.514433
2.629912
2.557570
2.531506
2.661416
1.694264
2.293840
7.758816
8.533032
5.482560
2.030543
7.464156
7.047883
1.404334
4.695077
1.386196
6.758687
2.059806
1.977568
2.730315
1.697375
1.169898
7.192317
7.533774
6.887153
6.447352
9.039927
7.854018
8.233397
6.835705
6.902544
6.985968
7.082357
7.281673
7.117230
6.437009
5.520385
7.569419
7.431668
8.756111
3.768789
7.383692
1.647247
3.354637
2.424986
6.209674
2.791817
3.221805
3.098787
2.115612
2.536841
5.909592
2.213997
4.197526
2.060946
2.266657
2.164587
1.536616
3.514844
2.764783
8.272704
2.661599
3.344884
2.506634
3.365061
2.257766
1.656224
2.081667
2.545422
1.898297
2.578541
2.396652
1.930248
2.658394
1.517004
1.534651
6.510487
7.884762
2.784909
6.467454
3.777641
2.148773
1.736263
2.279365
1.150385
6.730825
2.429029
2.265204
1.957900
2.111441
7.856203
3.155089
2.516243
2.584154
1.839592
2.336076
1.862828
6.907221
2.647743
2.864316
2.735487
2.503568
7.081078
6.980808
6.970156
4.153977
2.312664
2.325258
2.244185
2.091919
2.450736
1.997887
7.210193
6.806856
5.837811
1.954849
1.798613
2.547221
2.230373
5.539645
2.770530
2.825373
1.940918
2.797879
2.760139
1.883848
2.801681
3.919012
2.236425
2.529975
2.729838
2.792013
1.336652
2.519930
2.066679
6.266855
3.221622
1.504663
3.216314
3.725891
1.964358
2.285749
6.259894
2.842184
2.357948
5.707042
5.665292
6.575350
2.873626
2.277357
2.782779
2.820909
2.638278
1.687393
2.321385
6.665176
2.764700
2.586577
2.062007
5.178818
2.632836
3.170318
2.706915
9.803104
8.107496
1.361721
8.707804
2.940276
2.747451
2.664019
2.077394
2.746595
3.059111
3.067613
2.836079
2.787774
3.128854
2.250796
2.559859
1.795269
3.048223
2.358577
2.295144
2.839221
2.006894
2.614590
7.123693
8.172663
1.310283
3.284841
6.748882
1.191567
1.708755
2.519735
2.539894
6.805750
2.266394
2.562493
1.126486
0.995572
1.452469
2.546497
1.559868
2.564323
1.117831
2.202740
2.040783
0.995777
1.752196
2.642971
1.168604
2.305611
1.721056
2.663662
7.103050
2.235893
2.849356
2.581275
1.529703
6.438245
6.934766
1.611166
1.484242
3.087131
4.127392
1.513203
0.925026
1.490793
8.165069
2.251219
2.149079
2.045673
6.899199
8.115698
2.667163
2.562097
1.242778
1.499476
1.368650
1.777627
