9.435408
8.874477
0.082400
0.132450
8.822901
2.181463
7.500534
0.298776
1.749321
8.407239
5.786310
4.694052
5.500046
1.941893
3.909421
9.125340
8.043764
5.840022
1.310465
6.129642
0.417798
3.264260
0.906705
2.043825
0.360424
0.180670
3.351848
5.326396
7.191992
9.306314
2.541887
6.124760
7.949461
5.300760
2.374950
7.098300
4.768517
1.214637
4.758141
5.487838
3.516953
6.184271
8.865322
6.434828
3.676565
4.374828
1.644337
2.888882
9.848018
6.060671
2.526017
0.549638
5.223548
4.944304
0.909452
7.031770
9.250465
0.030213
5.194861
2.355419
9.375591
3.734550
5.639821
5.482040
6.020997
7.746513
8.465529
1.542100
7.623219
8.380688
4.020203
5.310221
0.482498
3.216956
4.063845
5.820185
0.933561
9.327067
3.924070
6.070437
5.646840
4.055300
8.659932
0.962554
4.014100
3.563951
8.490555
5.362102
5.842158
0.260933
2.352062
5.088351
2.019410
8.776818
1.687674
1.015351
1.427656
8.191473
0.484939
9.424116
4.107791
0.511490
1.565905
8.602252
0.672628
5.395978
9.125950
1.698355
7.972655
1.132542
7.522202
5.822627
1.007111
1.864986
6.313974
1.406293
0.497757
5.458846
7.775506
2.374645
0.034791
8.240303
1.119419
9.296854
2.055116
8.460952
2.229072
8.427076
9.804987
7.913145
0.439772
2.613910
8.366955
7.424238
8.897672
1.493271
6.419263
2.675253
6.939604
2.934965
9.243752
1.273232
3.729362
5.737480
2.980743
1.070589
3.139134
1.753594
8.308664
6.555376
2.551042
8.771935
1.688284
9.707023
2.535173
6.486099
1.343730
4.446852
7.802057
5.640736
4.055910
2.511368
0.308847
0.810266
3.570666
0.814539
1.107212
0.906095
5.167699
2.579424
0.535905
0.934477
1.482284
9.722892
9.668264
5.004730
9.573962
6.485488
3.005463
0.585650
9.248024
7.844478
7.546312
2.989593
1.570177
3.123875
8.125248
0.934782
4.104129
2.807703
6.082644
9.919737
2.671590
1.931822
0.253304
1.094699
2.404248
9.571215
8.325755
7.796869
0.587786
6.690268
7.505723
1.520737
0.452284
0.248115
1.431318
4.150517
1.210059
1.918084
1.754448
2.212574
2.672311
7.098273
7.579035
7.140466
6.447792
6.844762
4.246734
6.549587
2.011433
2.359295
2.708125
2.136566
7.103894
6.889516
6.589746
0.946777
6.995094
6.637897
1.891203
6.840145
2.772191
4.679641
5.236288
2.749390
2.198196
2.858948
0.963938
7.169822
7.495459
4.114793
2.513934
1.921443
1.937478
1.920265
1.961647
6.540685
6.946731
3.608283
2.141488
2.482351
0.940668
6.838214
2.923228
6.851698
2.246302
1.369659
1.941198
1.885361
2.299934
6.925173
7.007359
6.536132
4.329129
1.765355
2.246302
1.370744
1.985794
1.982152
1.854780
2.451036
1.086253
3.298006
1.946845
2.400429
2.539736
7.162618
6.356102
1.980639
1.814838
2.480908
6.664426
6.786504
1.843737
2.472162
1.893232
6.825340
6.854697
3.757393
5.261271
2.223713
1.920947
2.296691
2.100847
7.105912
6.519941
2.358199
1.928656
1.977464
1.852134
2.700796
1.758302
6.914602
7.020009
6.867301
6.016216
5.592783
7.450308
2.246302
1.369659
1.744476
2.543283
1.015222
2.246302
1.370744
