0.860000
0.607000
0.463000
0.406000
0.436000
0.433000
0.475000
0.430000
0.403000
0.557000
0.481000
0.481000
0.529000
0.457000
0.273000
0.598000
0.373000
0.532000
0.520000
0.338000
0.406000
0.451000
0.500000
0.442000
0.370000
0.423000
0.409000
0.459000
0.554000
1.126000
1.235000
0.692000
0.792000
0.804000
0.549000
1.105000
0.711000
1.291000
0.967000
0.822000
0.650000
0.730000
0.805000
0.693000
1.202000
0.784000
0.819000
0.768000
0.697000
0.590000
0.912000
0.652000
0.872000
0.452000
0.235000
0.401000
0.450000
0.366000
0.416000
0.308000
0.424000
0.323000
0.185000
0.264000
0.530000
0.394000
0.630000
0.618000
0.768000
0.653000
0.801000
0.673000
0.742000
0.691000
0.605000
0.556000
0.961000
0.901000
0.586000
0.638000
0.904000
0.601000
0.720000
0.593000
0.562000
0.578000
0.512000
0.580000
0.672000
0.541000
0.659000
0.679000
0.829000
0.602000
0.759000
0.816000
0.861000
0.421000
0.637000
0.354000
0.575000
0.505000
0.514000
0.685000
0.966000
0.665000
0.737000
0.610000
0.561000
0.661000
0.710000
0.889000
0.596000
1.070000
0.707000
0.939000
0.915000
0.819000
0.835000
0.795000
1.211000
1.101000
0.729000
0.881000
0.809000
0.980000
1.073000
1.040000
0.325000
0.414000
0.289000
0.363000
0.351000
0.379000
0.305000
0.332000
0.350000
0.247000
0.368000
0.233000
0.388000
0.377000
0.249000
0.297000
0.408000
0.278000
0.409000
0.555000
0.852000
1.024000
0.619000
0.820000
0.949000
0.714000
0.574000
0.772000
0.992000
1.143000
0.801000
0.692000
0.909000
0.667000
0.320000
0.248000
0.315000
0.375000
0.328000
0.289000
0.259000
0.342000
0.297000
0.359000
0.323000
0.397000
0.428000
0.402000
0.440000
0.362000
0.352000
0.271000
0.371000
0.310000
0.423000
0.302000
0.364000
0.254000
0.358000
0.428000
0.342000
0.492000
0.338000
0.372000
0.356000
0.414000
0.418000
0.323000
0.457000
0.338000
0.398000
0.340000
0.290000
0.291000
0.393000
0.604000
0.273000
0.238000
0.368000
0.321000
0.454000
0.349000
0.587000
0.760000
0.466000
0.290000
0.374000
0.826000
0.899000
1.103000
0.958000
1.039000
1.112000
0.893000
0.633000
1.065000
0.525000
0.766000
1.269000
0.773000
0.410000
0.243000
0.367000
0.344000
0.306000
0.576000
0.358000
0.413000
0.292000
0.445000
0.362000
0.380000
0.367000
0.303000
0.371000
0.325000
0.447000
0.418000
0.474000
0.386000
0.330000
0.359000
0.349000
0.528000
0.467000
0.352000
0.303000
0.310000
0.289000
0.809000
0.622000
0.438000
0.339000
0.321000
0.618000
0.342000
0.375000
0.411000
0.414000
0.344000
0.385000
0.346000
0.362000
0.377000
0.367000
0.498000
0.297000
0.377000
0.316000
0.300000
0.506000
0.541000
0.417000
0.290000
0.239000
0.300000
0.274000
0.216000
0.328000
0.375000
0.201000
0.340000
0.306000
0.277000
0.238000
0.366000
0.275000
0.346000
0.313000
0.291000
0.263000
0.249000
