2.02995
3.59481
2.91928
2.01761
0.5443
2.79785
2.85966
1.46701
1.52515
2.10826
0.875906
1.88724
1.07757
2.31664
1.96229
1.2821
1.76524
2.42321
1.92856
1.65161
2.33526
3.08124
2.13231
3.44163
1.51221
1.68547
3.53549
0.454352
1.20329
1.79943
2.56296
2.91107
2.99561
2.05748
1.60409
1.97555
3.24407
3.04725
3.05401
0.556712
1.45047
2.78939
2.73896
1.87363
1.17519
1.77684
2.00446
3.7024
2.58788
1.6328
1.02258
1.75267
0.764909
3.10952
2.40885
2.49065
2.04325
0.575045
4.02695
2.09366
2.13805
1.73676
2.53196
3.64603
1.61435
1.7646
2.02502
2.89393
2.06043
1.06647
2.05128
1.78827
2.97249
1.15689
2.86545
1.53498
0.735045
1.18874
0.298974
1.42337
0.461672
0.925931
2.10319
1.2696
1.1782
0.0513978
1.31242
2.01971
3.07436
2.56884
1.13785
2.41278
1.24314
1.47613
1.90159
1.28702
1.60892
4.04439
0.999748
0.493414
4.43574
2.05492
1.86509
2.42101
4.28305
2.92722
1.58749
1.81222
3.10906
1.61549
2.41992
3.97317
2.60517
1.90148
1.97426
2.68423
3.03076
2.19784
2.31096
0.377803
1.67534
1.20296
1.20457
2.22815
1.00702
0.187985
3.84865
2.35963
3.0484
1.96613
2.36552
0.428457
2.87968
2.35377
1.55025
4.47013
0.855757
0.00168991
2.55959
2.91414
1.47462
1.74659
1.67638
2.55745
2.62767
1.47051
0.530124
5.54859
3.87965
2.35784
1.89639
2.84999
1.50237
3.0779
0.373474
3.23755
1.86477
2.67495
0.845686
0.991871
1.76317
2.10828
2.72816
2.7839
2.29304
1.26921
2.46735
1.87663
0.732448
0.999283
3.72593
4.0507
2.43823
2.21817
1.51985
3.31551
2.4936
1.186
2.21195
1.43646
2.77107
2.14968
3.10974
0.495621
2.20763
2.77603
2.27219
1.68836
2.43154
2.43538
2.31371
3.64102
3.21426
1.33178
2.17103
3.47527
2.60298
2.35093
2.45459
1.67399
2.11051
0.971215
0.419075
1.98753
2.71203
2.64932
2.57913
0.985181
4.39906
2.43418
3.67534
2.64575
1.43219
2.85985
1.63285
2.37861
2.48456
2.48908
2.84639
1.97976
3.00127
1.52784
1.54405
3.11528
3.12639
3.40133
1.73973
1.29201
3.76387
3.15081
1.86434
2.01346
2.50708
2.01038
1.70589
1.82364
2.20751
1.67621
2.35621
1.48951
1.968
0.817283
1.53045
0.885434
2.15008
1.53129
3.42088
3.16846
1.02222
0.146703
1.26033
1.68862
1.82853
1.83654
2.58095
2.3069
1.46434
0.36648
2.89511
2.6861
3.0179
1.97153
3.24284
1.46664
2.27307
1.13096
2.38309
1.72708
2.28324
1.52944
1.88843
1.76753
0.694255
2.01277
2.5872
2.45215
2.32966
3.65285
0.669683
3.14273
0.628705
2.3648
1.16411
1.67962
1.51503
2.24889
1.35888
3.29854
2.93929
2.59791
2.80788
2.04386
1.12875
0.984412
3.19254
2.14404
2.26918
1.91623
1.0124
3.61595
8.85855
8.25881
8.26968
9.60279
1.7758
0.97173
2.18369
8.70446
9.45525
6.84282
3.67649
9.77817
9.74303
6.86326
4.20597
9.11718
5.93472
6.85742
7.62913
2.60344
9.40902
4.74471
3.85782
4.69136
5.19431
4.824
7.27156
5.38277
8.53839
9.12163
3.87516
8.42726
0.700994
5.75461
2.62904
8.46176
7.37503
1.36759
6.41996
4.97963
2.19008
0.611658
5.91039
7.65794
9.79825
6.78984
8.54512
7.10507
6.95903
9.03064
6.88181
8.69738
8.82088
7.17436
8.44778
9.98252
7.73143
8.8232
8.89783
5.57869
3.53024
6.58986
7.03909
7.37666
7.46923
0.920862
6.93728
6.72287
6.69902
5.90707
6.23006
2.80735
0.446392
4.39505
7.58686
7.30235
9.42854
9.96066
3.45801
6.13889
6.33217
7.85562
7.49748
2.56907
7.63643
8.31929
9.10572
8.49263
5.13717
9.31171
9.14841
4.02569
8.15778
9.54767
5.17915
7.65756
4.17926
5.73061
6.55405
4.4114
8.79138
8.34163
8.89894
9.93271
3.79876
4.72095
9.30466
4.99642
4.09217
5.86003
9.8382
4.17292
6.97158
5.44909
7.85886
6.42033
2.8946
2.10046
5.67307
4.61083
4.0179
5.54336
9.2719
7.8354
3.43443
5.50043
6.09995
2.61728
7.5032
6.98746
9.72787
7.10207
3.91868
5.64038
8.29119
5.78746
2.15718
8.51265
8.3946
6.2255
8.98999
7.22204
9.81736
9.59356
7.31151
7.82038
3.11692
6.93671
7.96072
7.53918
7.25454
5.44378
9.61882
3.38208
4.8793
5.90056
6.15134
6.61559
8.36154
4.31962
1.89819
5.17128
6.84847
4.42424
8.89002
7.9751
3.60958
4.47146
3.53178
9.08456
7.39472
9.95723
6.72484
5.86907
5.5314
1.09992
7.83955
9.42417
1.90764
6.74619
8.6034
9.03518
1.09872
3.10197
3.0335
4.90691
8.49405
4.06978
2.856
8.88297
2.33511
8.41617
7.18865
9.64929
2.50379
6.09728
0.449347
7.93603
5.03825
5.88281
7.15728
6.79767
6.44071
5.29912
7.04201
7.09886
6.29105
7.73131
6.72484
6.93518
7.19769
7.40952
6.2672
7.91253
6.42645
7.4819
6.84469
6.34396
8.02291
8.06526
7.52148
5.63159
6.8241
6.76054
7.82142
6.8304
6.98259
8.12985
6.23374
6.66775
6.66878
7.57433
7.38118
6.99031
6.67388
6.21132
6.20587
4.9988
7.21409
6.60953
7.72223
7.19408
6.86175
5.97112
6.16735
7.30156
8.17687
7.64244
7.46826
6.10342
5.61481
7.94626
8.1304
6.66801
6.84081
7.17087
7.00868
6.67915
6.8001
7.08183
7.58811
6.98
5.98095
7.24474
5.95923
7.43559
6.923
7.35166
6.72027
6.33407
6.93623
6.0402
7.46
7.66763
7.062
7.206
6.31126
7.50004
7.8491
6.61492
6.65973
7.59847
5.99738
6.61794
5.84503
8.10158
5.67685
7.03126
7.70875
8.12208
7.13797
7.29949
6.04257
7.52346
6.35109
7.24185
6.98947
6.84778
6.26809
7.63062
