2.46341
2.63652
1.19477
2.31254
1.54557
0.748817
2.69135
2.58741
1.04894
0.521182
2.11507
2.1398
2.57252
0.562915
1.96448
3.65667
3.16753
2.23439
1.4894
0.81434
2.57814
3.28628
2.45361
2.12537
2.43394
0.995039
1.67378
0.162514
1.7687
2.5328
0.775194
2.4742
3.02906
2.76726
2.37205
3.37199
1.67614
1.97527
1.4718
2.3278
1.36926
2.41981
1.90887
3.14627
2.44903
1.37543
0.728293
2.74889
1.53722
1.11281
0.547837
2.15469
1.53446
0.329277
1.68788
2.04414
4.21828
0.698457
0.780444
2.60895
2.41597
1.26883
1.99414
1.6233
0.297547
3.04965
1.90905
1.74284
1.71847
3.77545
1.05508
1.33682
2.25033
0.525904
2.10235
2.6412
2.35294
2.59948
2.97555
3.88856
2.06812
2.61199
1.99956
1.82589
0.960767
1.28232
2.04666
2.90075
0.0395259
2.23543
2.24631
2.84196
3.0385
1.44332
2.02245
1.44627
1.41345
1.41131
2.667
2.69163
2.70751
2.54072
1.30524
2.19051
1.09093
1.25613
3.30132
2.46394
2.12257
2.17311
2.01631
1.30102
2.27634
0.671489
2.11126
3.3665
0.573277
3.48774
0.559048
2.36914
0.91634
2.31928
3.02223
1.03268
1.82316
2.27355
0.741232
2.96899
2.46858
1.64413
2.10676
2.49308
2.84252
1.20356
2.65412
2.28029
3.07779
2.30855
1.96357
1.46809
3.10464
3.11398
3.24351
2.70041
2.31064
0.14793
3.40502
1.10637
1.6195
2.7972
1.92326
3.08952
3.43582
1.70986
2.7673
4.06414
3.62593
1.80413
1.61432
2.19161
1.01756
0.120958
0.766962
0.974423
3.07576
2.86767
1.54447
0.266073
1.62693
1.4068
1.2159
3.00662
2.0401
1.03819
1.26003
3.12746
1.942
1.04298
2.56876
0.86539
2.53298
2.68586
1.40834
1.68244
1.1248
2.72317
2.28771
2.11672
3.41846
2.34458
2.18729
0.83283
2.20047
1.83384
2.58577
1.95149
3.10477
2.42277
1.61879
2.70444
3.54066
1.29957
1.73118
1.36012
3.35753
2.16938
2.55258
1.06733
2.33289
2.37662
2.04571
1.5946
0.548342
1.4442
1.39058
2.2495
2.37707
4.22099
1.95672
0.987907
0.434129
2.04997
2.54149
2.01215
2.84165
1.17854
2.95176
1.16297
1.48944
1.62979
1.28955
2.55659
0.0965397
1.18817
2.28221
1.99947
1.1559
1.56729
2.45391
2.21662
2.82431
2.45631
2.42853
2.83709
1.38171
2.0378
1.28017
2.76375
2.32589
3.33051
2.44436
2.57215
2.34881
2.78759
3.19573
2.60054
1.59219
2.66939
0.467127
1.03978
1.42688
3.29803
0.298606
1.49168
3.04433
2.42284
1.45646
2.81263
0.834803
3.0407
1.0552
2.16501
0.868156
0.606375
1.47953
1.49051
1.08875
4.19969
1.65502
2.527
1.27014
1.99812
1.5234
2.33251
2.0605
1.16197
2.21842
1.66632
2.66572
2.17935
2.55922
3.36151
1.6559
1.90006
2.77784
2.14776
1.25122
2.77309
0.805439
1.41462
7.28616
7.6714
7.51053
7.16959
7.24683
6.1239
7.18557
8.5222
7.21204
6.40087
7.35873
7.08287
7.52406
5.96945
6.32118
7.17087
7.21924
8.53436
6.78764
6.26272
6.69596
6.84247
7.70968
6.7531
7.37468
7
7.05886
6.55062
5.55337
7.40244
8.17508
6.41939
6.96382
6.38351
6.4187
6.72541
7.0669
6.86438
6.54222
7.26927
8.0331
6.01675
7.61341
6.78741
6.71558
5.055
7.53661
6.89155
7.2839
6.88245
7.56395
6.95588
5.84188
6.78657
6.46823
5.58451
7.19858
6.5316
6.90443
6.44178
6.58832
7.78443
5.9899
7.6962
7.78473
7.30078
6.07829
6.52038
6.29305
7.46493
7.65056
6.9728
7.27538
7.55127
7.92799
7.60854
6.98084
6.61301
7.45695
6.91378
7.85769
7.2033
5.62018
8.0665
6.72405
6.54848
6.88313
6.77311
6.53792
8.07133
5.74061
6.6761
7.01613
7.3942
7.25529
6.31806
7.593
8.25164
6.73643
7.24958
6.18596
6.87001
6.15013
7.32541
7.50513
7.57844
7.33834
7.11202
6.16003
6.70482
7.91502
7.44096
7.02136
8.33854
6.80408
6.2972
7.47594
7.37209
6.97733
7.96974
7.51594
7.36852
6.66115
6.28662
8.03502
6.86734
7.01208
7.2967
7.01044
7.00049
7.78496
8.03869
6.67813
7.82102
7.55918
6.16774
6.59765
7.4516
7.03576
7.20961
7.84139
7.54286
5.79992
7.31488
7.58789
6.75058
7.1438
6.80978
8.38931
6.57422
7.54743
8.02318
7.91223
7.37283
6.98223
7.17774
6.18055
7.36835
6.67339
6.22214
7.29667
6.85808
7.37284
7.92557
7.75754
6.32848
8.42427
7.15476
7.41718
6.30289
6.82012
8.07894
5.58594
8.31289
5.98603
6.79683
7.90502
6.31565
7.62577
7.07099
6.87739
7.25289
7.10524
7.15094
6.31545
6.22723
6.26052
7.62899
7.72412
6.29607
6.61986
6.77571
6.66507
6.32257
7.30755
5.88594
8.04452
7.05523
6.01376
6.21034
1.79863
3.17328
7.36578
3.86112
1.57241
2.83272
4.43724
0.994711
6.43958
2.83781
4.60894
4.77317
4.07326
2.3649
3.37987
4.40358
5.94118
1.95216
6.82749
5.36981
4.82657
2.20765
6.41224
2.49261
1.34655
0.0932975
5.90039
1.82675
3.86294
3.68692
4.3299
7.14764
5.5493
2.72293
5.74379
2.47365
2.12422
1.29136
2.43675
3.88459
2.54264
4.97828
0.628665
4.98318
0.705165
2.47246
2.36861
4.84743
1.38035
4.70041
2.73371
3.9775
0.678355
5.79737
3.00335
7.82264
3.67131
7.67979
1.64641
4.98319
3.04372
2.15489
2.05883
3.16831
0.1162
4.95281
5.17995
3.28153
7.79711
4.47387
5.20244
1.84351
4.58294
1.01207
0.376358
2.27944
3.47209
0.45156
6.51416
0.992454
3.05494
0.486089
3.77014
5.14394
2.28511
3.81637
5.94745
3.78777
3.76415
5.37354
2.43624
2.3132
4.45642
1.13838
3.4747
2.92811
0.797543
3.84411
6.76087
1.61191
